52942
32802
39703
64701
21013
53942
31814
27360
50755
34214
60277
22715
37114
38039
43748
59947
37601
54062
52982
58711
60090
54858
29742
48990
39106
40538
25619
51826
48179
31123
32222
21019
64748
34713
24722
46219
62787
64649
61450
20857
20783
29301
53583
46034
48649
34648
63621
45948
63945
52359
36268
23895
36868
56882
41781
43113
36617
20668
31345
65443
42464
54659
30242
56729
59113
42660
26528
40378
45977
37410
29451
64480
36066
20611
61804
49832
22079
50087
44648
20205
61207
62382
54510
27635
33833
38212
62495
62806
20033
50262
43796
37159
50981
45588
50005
64584
23460
56124
30539
20283
22327
60788
20786
50329
21382
23737
25567
56045
28096
39704
38856
39958
21810
51721
38441
23612
37847
27261
59041
39225
50447
35235
65333
53640
23160
56132
47557
55430
32281
54547
65136
44578
41490
29669
65375
57513
36021
52041
61033
37944
46218
50744
31676
58211
32681
41214
65055
44960
59719
25476
40037
47008
64961
54265
49062
30500
33035
23243
55354
39829
22563
64134
61984
48086
53550
47035
59929
60230
22849
55230
25978
27396
33529
21951
20822
30466
25536
44838
33877
27761
40988
54176
30873
51864
63369
64042
63730
54926
51142
45529
61069
32339
41183
36275
44433
42494
56957
21780
30525
38320
25006
50146
37773
45046
52331
36837
20222
58198
45460
41891
27343
50408
26318
50651
44744
37472
58605
32675
28749
40449
40683
63585
59016
44576
35435
55667
29514
22243
25223
26495
44374
27866
39089
27383
35365
53916
51213
23174
55222
27260
56934
26227
47756
39391
42339
46201
46670
61772
34089
25881
64495
48131
64490
49351
64779
63289
53048
25779
23014
26686
43038
22124
62308
41266
50321
56924
38318
50082
35014
20430
31136
44200
25956
60024
59308
58032
41276
55245
37927
24177
62183
48484
46313
62050
58000
28777
58763
38185
50522
39916
38733
28752
28709
59811
28902
35408
64094
54105
54657
41933
50168
24988
29561
20268
61048
28160
33278
54895
25938
55697
29570
59246
58633
57728
52811
33793
59270
52714
44918
35629
48310
57251
31665
43962
41755
29045
63974
48706
44661
64985
64448
21078
43417
45667
21380
24875
44214
39074
63513
44732
35236
21055
39095
57417
37934
43939
41715
39020
64681
32350
21513
50866
59029
51055
26347
46585
48563
64365
43968
49619
21507
41115
41221
48862
57994
65327
62042
42281
46273
48195
44395
21014
36853
31308
60439
38395
56478
30904
37605
28212
27009
34676
45294
33504
48897
60052
54075
32150
20889
43436
26760
57279
60801
44645
58359
50400
47660
35958
30651
38411
62544
46264
55067
34103
32683
36078
31339
54457
49336
59997
65524
34764
20566
60704
53212
38460
40456
20271
32033
59799
57965
33135
52549
63487
26237
41542
20973
50010
62053
25363
54176
56434
51167
